                   300.0000000                      0.0000000 
                   300.7007007                      0.0004336 
                   301.4014014                      0.0010605 
                   302.1021021                      0.0018807 
                   302.8028028                      0.0028942 
                   303.5035035                      0.0041010 
                   304.2042042                      0.0055011 
                   304.9049049                      0.0070944 
                   305.6056056                      0.0088811 
                   306.3063063                      0.0108611 
                   307.0070070                      0.0130343 
                   307.7077077                      0.0154009 
                   308.4084084                      0.0179607 
                   309.1091091                      0.0207138 
                   309.8098098                      0.0236603 
                   310.5105105                      0.0267104 
                   311.2112112                      0.0298307 
                   311.9119119                      0.0330213 
                   312.6126126                      0.0362822 
                   313.3133133                      0.0396134 
                   314.0140140                      0.0430148 
                   314.7147147                      0.2176272 
                   315.4154154                      1.0349327 
                   316.1161161                      1.8684524 
                   316.8168168                      3.6684615 
                   317.5175175                      5.3704614 
                   318.2182182                      5.4931378 
                   318.9189189                      5.6180691 
                   319.6196196                      5.7452551 
                   320.3203203                      5.8743408 
                   321.0210210                      6.2383243 
                   321.7217217                      8.3223185 
                   322.4224224                     10.4296351 
                   323.1231231                     11.6286549 
                   323.8238238                     11.9809815 
                   324.5245245                     12.3371230 
                   325.2252252                     12.6970794 
                   325.9259259                     13.3627825 
                   326.6266266                     14.2181453 
                   327.3273273                     15.0823852 
                   328.0280280                     15.9555021 
                   328.7287287                     17.7928921 
                   329.4294294                     19.9861740 
                   330.1301301                     22.0444518 
                   330.8308308                     23.2792484 
                   331.5315315                     24.5185523 
                   332.2322322                     25.4256950 
                   332.9329329                     26.0387170 
                   333.6336336                     26.6539525 
                   334.3343343                     27.2714014 
                   335.0350350                     27.4978320 
                   335.7357357                     27.4978320 
                   336.4364364                     27.4978320 
                   337.1371371                     27.4978320 
                   337.8378378                     29.9507270 
                   338.5385385                     33.2892088 
                   339.2392392                     36.2182928 
                   339.9399399                     36.5431136 
                   340.6406406                     36.8689988 
                   341.3413413                     37.1959421 
                   342.0420420                     37.5239434 
                   342.7427427                     37.8530028 
                   343.4434434                     38.1831203 
                   344.1441441                     38.5142958 
                   344.8448448                     39.1456025 
                   345.5455455                     40.3495344 
                   346.2462462                     41.5572882 
                   346.9469469                     42.7688641 
                   347.6476476                     44.1841679 
                   348.3483483                     45.8516756 
                   349.0490490                     47.5244107 
                   349.7497497                     49.2023731 
                   350.4504505                     50.8818619 
                   351.1511512                     52.2557639 
                   351.8518519                     52.7190895 
                   352.5525526                     53.1822690 
                   353.2532533                     53.6453022 
                   353.9539540                     54.1081893 
                   354.6546547                     54.6748159 
                   355.3553554                     57.0389075 
                   356.0560561                     59.4022520 
                   356.7567568                     61.7648496 
                   357.4574575                     63.8247320 
                   358.1581582                     64.2673227 
                   358.8588589                     64.7097733 
                   359.5595596                     65.1520840 
                   360.2602603                     65.5944753 
                   360.9609610                     66.0373209 
                   361.6616617                     66.4806207 
                   362.3623624                     67.7887396 
                   363.0630631                     69.5401718 
                   363.7637638                     71.2077786 
                   364.4644645                     71.6177664 
                   365.1651652                     72.0281727 
                   365.8658659                     72.4389973 
                   366.5665666                     72.8502403 
                   367.2672673                     73.2619017 
                   367.9679680                     73.6739815 
                   368.6686687                     74.0864797 
                   369.3693694                     74.5986027 
                   370.0700701                     75.3811350 
                   370.7707708                     76.1672012 
                   371.4714715                     76.9568012 
                   372.1721722                     77.7499352 
                   372.8728729                     78.5466030 
                   373.5735736                     79.3468047 
                   374.2742743                     80.8660841 
                   374.9749750                     82.6022150 
                   375.6756757                     84.3459460 
                   376.3763764                     86.0972770 
                   377.0770771                     87.8562081 
                   377.7777778                     89.6227393 
                   378.4784785                     91.3968705 
                   379.1791792                     93.1786018 
                   379.8798799                     94.1733807 
                   380.5805806                     95.1528778 
                   381.2812813                     96.1334479 
                   381.9819820                     97.1150910 
                   382.6826827                     98.0978071 
                   383.3833834                     99.0815962 
                   384.0840841                    100.0664583 
                   384.7847848                    101.0523934 
                   385.4854855                    102.0394016 
                   386.1861862                    102.3823956 
                   386.8868869                    102.6423124 
                   387.5875876                    102.9025111 
                   388.2882883                    103.1629918 
                   388.9889890                    103.4237544 
                   389.6896897                    103.6847990 
                   390.3903904                    103.9463879 
                   391.0910911                    104.2087298 
                   391.7917918                    104.4718246 
                   392.4924925                    105.7040353 
                   393.1931932                    107.1949022 
                   393.8938939                    108.6900114 
                   394.5945946                    110.1893630 
                   395.2952953                    111.6929569 
                   395.9959960                    113.2007931 
                   396.6966967                    114.7128717 
                   397.3973974                    116.2291926 
                   398.0980981                    117.7497558 
                   398.7987988                    119.2745613 
                   399.4994995                    120.6567984 
                   400.2002002                    121.8194313 
                   400.9009009                    122.9786607 
                   401.6016016                    124.1344866 
                   402.3023023                    125.2869092 
                   403.0030030                    126.4359284 
                   403.7037037                    127.5815441 
                   404.4044044                    128.7237565 
                   405.1051051                    129.8625654 
                   405.8058058                    130.9979709 
                   406.5065065                    132.1299730 
                   407.2072072                    133.2585716 
                   407.9079079                    134.3837669 
                   408.6086086                    135.5055587 
                   409.3093093                    136.6239472 
                   410.0100100                    137.7389398 
                   410.7107107                    138.8510608 
                   411.4114114                    139.9603103 
                   412.1121121                    141.0938449 
                   412.8128128                    142.3251383 
                   413.5135135                    143.5532276 
                   414.2142142                    144.7781128 
                   414.9149149                    145.9997938 
                   415.6156156                    147.2182708 
                   416.3163163                    148.4335437 
                   417.0170170                    149.6456124 
                   417.7177177                    150.8544771 
                   418.4184184                    152.0601376 
                   419.1191191                    153.2625940 
                   419.8198198                    153.8966027 
                   420.5205205                    154.4052992 
                   421.2212212                    154.9136594 
                   421.9219219                    155.4216833 
                   422.6226226                    155.9293709 
                   423.3233233                    156.4367222 
                   424.0240240                    156.9437371 
                   424.7247247                    157.4504158 
                   425.4254254                    157.9567581 
                   426.1261261                    158.4627642 
                   426.8268268                    158.9684339 
                   427.5275275                    159.4737673 
                   428.2282282                    159.9787644 
                   428.9289289                    160.5005052 
                   429.6296296                    161.0254351 
                   430.3303303                    161.5495052 
                   431.0310310                    162.0721436 
                   431.7317317                    162.5933505 
                   432.4324324                    163.1131257 
                   433.1331331                    163.6314693 
                   433.8338338                    164.1483813 
                   434.5345345                    164.6638617 
                   435.2352352                    165.1779106 
                   435.9359359                    165.6905278 
                   436.6366366                    166.2017134 
                   437.3373373                    166.7114673 
                   438.0380380                    167.1596382 
                   438.7387387                    167.5949043 
                   439.4394394                    168.0289411 
                   440.1401401                    168.4615341 
                   440.8408408                    168.8918256 
                   441.5415415                    169.3198156 
                   442.2422422                    169.7455041 
                   442.9429429                    170.1586663 
                   443.6436436                    170.3427813 
                   444.3443443                    170.5258899 
                   445.0450450                    170.7079922 
                   445.7457457                    170.8890882 
                   446.4464464                    171.0691779 
                   447.1471471                    171.2482613 
                   447.8478478                    171.4263383 
                   448.5485485                    171.6034091 
                   449.2492492                    171.7794735 
                   449.9499499                    171.9545316 
                   450.6506507                    172.1291225 
                   451.3513514                    172.3032878 
                   452.0520521                    172.4770275 
                   452.7527528                    172.6503415 
                   453.4534535                    172.8232299 
                   454.1541542                    172.9956926 
                   454.8548549                    173.1677297 
                   455.5555556                    173.3393411 
                   456.2562563                    173.5249845 
                   456.9569570                    173.7125991 
                   457.6576577                    173.8997461 
                   458.3583584                    174.0864254 
                   459.0590591                    174.2726371 
                   459.7597598                    174.4583811 
                   460.4604605                    174.6437051 
                   461.1611612                    174.8286339 
                   461.8618619                    175.0131676 
                   462.5625626                    175.1973062 
                   463.2632633                    175.3810496 
                   463.9639640                    175.5643979 
                   464.6646647                    175.7473510 
                   465.3653654                    175.9299090 
                   466.0660661                    176.1120719 
                   466.7667668                    176.2938396 
                   467.4674675                    176.4752122 
                   468.1681682                    176.7743130 
                   468.8688689                    177.0767213 
                   469.5695696                    177.3784680 
                   470.2702703                    177.6794805 
                   470.9709710                    177.9796436 
                   471.6716717                    178.2789573 
                   472.3723724                    178.5774216 
                   473.0730731                    178.8750365 
                   473.7737738                    179.1718020 
                   474.4744745                    179.4677182 
                   475.1751752                    179.7627849 
                   475.8758759                    180.0570022 
                   476.5765766                    180.3503701 
                   477.2772773                    180.6428887 
                   477.9779780                    180.9345578 
                   478.6786787                    181.2253775 
                   479.3793794                    181.5153479 
                   480.0800801                    181.8044332 
                   480.7807808                    182.0923580 
                   481.4814815                    182.3791223 
                   482.1821822                    182.6127305 
                   482.8828829                    182.6127305 
                   483.5835836                    182.6127305 
                   484.2842843                    182.6127305 
                   484.9849850                    182.6127305 
                   485.6856857                    182.6127305 
                   486.3863864                    182.6127305 
                   487.0870871                    182.6127305 
                   487.7877878                    182.6127305 
                   488.4884885                    182.6127305 
                   489.1891892                    182.6127305 
                   489.8898899                    182.6127305 
                   490.5905906                    182.6127305 
                   491.2912913                    182.6127305 
                   491.9919920                    182.6127305 
                   492.6926927                    182.9466734 
                   493.3933934                    183.3199677 
                   494.0940941                    183.6922090 
                   494.7947948                    184.0633975 
                   495.4954955                    184.4335330 
                   496.1961962                    184.8026156 
                   496.8968969                    185.1706453 
                   497.5975976                    185.5376222 
                   498.2982983                    185.9035461 
                   498.9989990                    186.2684171 
                   499.6996997                    186.6322352 
                   500.4004004                    186.9951606 
                   501.1011011                    187.3573134 
                   501.8018018                    187.7186936 
                   502.5025025                    188.0793013 
                   503.2032032                    188.4057638 
                   503.9039039                    188.6549191 
                   504.6046046                    188.9035383 
                   505.3053053                    189.1516215 
                   506.0060060                    189.3991685 
                   506.7067067                    189.6461794 
                   507.4074074                    189.8926543 
                   508.1081081                    190.1385930 
                   508.8088088                    190.3839957 
                   509.5095095                    190.6288622 
                   510.2102102                    190.8731064 
                   510.9109109                    191.1165267 
                   511.6116116                    191.3591232 
                   512.3123123                    191.6008958 
                   513.0130130                    191.8418447 
                   513.7137137                    192.0819697 
                   514.4144144                    192.3212708 
                   515.1151151                    192.5597482 
                   515.8158158                    192.7974017 
                   516.5165165                    193.0342313 
                   517.2172172                    193.2702372 
                   517.9179179                    193.5054192 
                   518.6186186                    193.7397774 
                   519.3193193                    193.9733117 
                   520.0200200                    193.9920741 
                   520.7207207                    193.9920741 
                   521.4214214                    193.9920741 
                   522.1221221                    193.9920741 
                   522.8228228                    193.9920741 
                   523.5235235                    193.9920741 
                   524.2242242                    193.9920741 
                   524.9249249                    193.9920741 
                   525.6256256                    193.9920741 
                   526.3263263                    193.9920741 
                   527.0270270                    193.9920741 
                   527.7277277                    193.9920741 
                   528.4284284                    193.9920741 
                   529.1291291                    193.9920741 
                   529.8298298                    194.0485932 
                   530.5305305                    194.1380982 
                   531.2312312                    194.2273061 
                   531.9319319                    194.3162168 
                   532.6326326                    194.4048303 
                   533.3333333                    194.4931467 
                   534.0340340                    194.5811658 
                   534.7347347                    194.6688878 
                   535.4354354                    194.7563126 
                   536.1361361                    194.8434403 
                   536.8368368                    194.9302707 
                   537.5375375                    195.0168040 
                   538.2382382                    195.1030401 
                   538.9389389                    195.1889791 
                   539.6396396                    195.2746208 
                   540.3403403                    195.3599926 
                   541.0410410                    195.4451232 
                   541.7417417                    195.5300126 
                   542.4424424                    195.6146608 
                   543.1431431                    195.6990678 
                   543.8438438                    195.7832335 
                   544.5445445                    195.8671582 
                   545.2452452                    195.9508416 
                   545.9459459                    196.0342838 
                   546.6466466                    196.1174848 
                   547.3473473                    196.2004446 
                   548.0480480                    196.2831632 
                   548.7487487                    196.3656407 
                   549.4494494                    196.4478769 
                   550.1501502                    196.5299051 
                   550.8508509                    196.9667344 
                   551.5515516                    197.5210693 
                   552.2522523                    198.0748190 
                   552.9529530                    198.6279834 
                   553.6536537                    199.1805625 
                   554.3543544                    199.7325564 
                   555.0550551                    200.2839651 
                   555.7557558                    200.8347885 
                   556.4564565                    201.3850266 
                   557.1571572                    216.2284214 
                   557.8578579                    238.5204273 
                   558.5585586                    260.7886723 
                   559.2592593                    283.0331565 
                   559.9599600                    288.5272494 
                   560.6606607                    288.7223421 
                   561.3613614                    288.9171034 
                   562.0620621                    289.1115334 
                   562.7627628                    289.3056319 
                   563.4634635                    289.4993989 
                   564.1641642                    289.6928346 
                   564.8648649                    289.8859389 
                   565.5655656                    290.0787117 
                   566.2662663                    290.2711531 
                   566.9669670                    290.4632631 
                   567.6676677                    290.6550417 
                   568.3683684                    290.8464889 
                   569.0690691                    291.0376046 
                   569.7697698                    291.2283890 
                   570.4704705                    291.4186545 
                   571.1711712                    291.6083096 
                   571.8718719                    291.7973543 
                   572.5725726                    291.9857885 
                   573.2732733                    292.1736122 
                   573.9739740                    292.3608255 
                   574.6746747                    292.5474283 
                   575.3753754                    292.8827848 
                   576.0760761                    293.2887525 
                   576.7767768                    293.6933834 
                   577.4774775                    294.0966774 
                   578.1781782                    294.4986346 
                   578.8788789                    294.8992550 
                   579.5795796                    295.2985385 
                   580.2802803                    295.6964810 
                   580.9809810                    296.0930765 
                   581.6816817                    296.4883248 
                   582.3823824                    296.8822260 
                   583.0830831                    297.2747800 
                   583.7837838                    297.6659870 
                   584.4844845                    298.0558468 
                   585.1851852                    298.4443595 
                   585.8858859                    298.8315251 
                   586.5865866                    299.2173436 
                   587.2872873                    299.6018149 
                   587.9879880                    299.9849392 
                   588.6886887                    300.3667163 
                   589.3893894                    300.7471463 
                   590.0900901                    303.0808968 
                   590.7907908                    305.6469547 
                   591.4914915                    308.2024122 
                   592.1921922                    310.7472692 
                   592.8928929                    313.2815256 
                   593.5935936                    315.8051816 
                   594.2942943                    317.4209720 
                   594.9949950                    317.6558155 
                   595.6956957                    317.8896642 
                   596.3963964                    318.1225181 
                   597.0970971                    318.3543772 
                   597.7977978                    318.5852415 
                   598.4984985                    318.8151110 
                   599.1991992                    319.0439856 
                   599.8998999                    319.2718655 
                   600.6006006                    319.4992147 
                   601.3013013                    319.7261108 
                   602.0020020                    319.9525536 
                   602.7027027                    320.1785432 
                   603.4034034                    320.4040796 
                   604.1041041                    320.6291627 
                   604.8048048                    320.8537927 
                   605.5055055                    321.0779694 
                   606.2062062                    321.3016929 
                   606.9069069                    321.5571560 
                   607.6076076                    321.9353571 
                   608.3083083                    322.3127889 
                   609.0090090                    322.6894514 
                   609.7097097                    323.0653447 
                   610.4104104                    323.4403250 
                   611.1111111                    323.8142909 
                   611.8118118                    324.1872422 
                   612.5125125                    324.5591791 
                   613.2132132                    324.9301014 
                   613.9139139                    325.3000093 
                   614.6146146                    325.6689027 
                   615.3153153                    326.0367815 
                   616.0160160                    326.4036459 
                   616.7167167                    326.7694958 
                   617.4174174                    327.1343312 
                   618.1181181                    327.4981521 
                   618.8188188                    327.8609585 
                   619.5195195                    328.2227504 
                   620.2202202                    328.5836157 
                   620.9209209                    328.9437459 
                   621.6216216                    329.3031411 
                   622.3223223                    329.7858799 
                   623.0230230                    331.1567927 
                   623.7237237                    332.5248903 
                   624.4244244                    333.8901727 
                   625.1251251                    335.2526399 
                   625.8258258                    336.6122919 
                   626.5265265                    337.9691287 
                   627.2272272                    339.3231503 
                   627.9279279                    340.6743567 
                   628.6286286                    342.4537027 
                   629.3293293                    358.8316590 
                   630.0300300                    375.1756225 
                   630.7307307                    391.4916934 
                   631.4314314                    407.7798717 
                   632.1321321                    424.0401574 
                   632.8328328                    430.0501867 
                   633.5335335                    433.9929841 
                   634.2342342                    437.9289948 
                   634.9349349                    441.8582188 
                   635.6356356                    445.7806561 
                   636.3363363                    449.6963067 
                   637.0370370                    453.6051706 
                   637.7377377                    457.3945200 
                   638.4384384                    458.3057770 
                   639.1391391                    459.2154463 
                   639.8398398                    460.1235279 
                   640.5405405                    461.0282892 
                   641.2412412                    461.9292168 
                   641.9419419                    462.8263105 
                   642.6426426                    463.7195706 
                   643.3433433                    464.6089969 
                   644.0440440                    465.4945894 
                   644.7447447                    466.3763481 
                   645.4454454                    467.2542732 
                   646.1461461                    468.1283644 
                   646.8468468                    468.9986219 
                   647.5475475                    469.8650457 
                   648.2482482                    470.6101312 
                   648.9489489                    471.3124364 
                   649.6496496                    472.0116062 
                   650.3503504                    472.7078590 
                   651.0510511                    473.4014128 
                   651.7517518                    474.0922677 
                   652.4524525                    474.7804236 
                   653.1531532                    475.4658806 
                   653.8538539                    476.1486387 
                   654.5545546                    476.8286979 
                   655.2552553                    477.5060581 
                   655.9559560                    478.1807194 
                   656.6566567                    478.8526817 
                   657.3573574                    479.5219452 
                   658.0580581                    480.1885096 
                   658.7587588                    480.8523752 
                   659.4594595                    481.5135418 
                   660.1601602                    482.1718794 
                   660.8608609                    482.6738052 
                   661.5615616                    483.0537273 
                   662.2622623                    483.4317444 
                   662.9629630                    483.8078567 
                   663.6636637                    484.1820640 
                   664.3643644                    484.5543663 
                   665.0650651                    484.9247638 
                   665.7657658                    485.2932563 
                   666.4664665                    485.6598438 
                   667.1671672                    486.0245264 
                   667.8678679                    486.3873041 
                   668.5685686                    486.7481769 
                   669.2692693                    487.1071447 
                   669.9699700                    487.4642076 
                   670.6706707                    487.8200420 
                   671.3713714                    488.1746782 
                   672.0720721                    488.5281163 
                   672.7727728                    488.8803562 
                   673.4734735                    489.2313978 
                   674.1741742                    489.5812413 
                   674.8748749                    489.9298867 
                   675.5755756                    490.2773338 
                   676.2762763                    490.6235828 
                   676.9769770                    490.9686335 
                   677.6776777                    491.3124861 
                   678.3783784                    491.6551405 
                   679.0790791                    491.9965968 
                   679.7797798                    492.3368548 
                   680.4804805                    492.6759933 
                   681.1811812                    493.0140483 
                   681.8818819                    493.3510199 
                   682.5825826                    493.6869079 
                   683.2832833                    494.0808927 
                   683.9839840                    495.1233991 
                   684.6846847                    496.1625209 
                   685.3853854                    497.1982580 
                   686.0860861                    498.2306104 
                   686.7867868                    499.2595781 
                   687.4874875                    500.2851611 
                   688.1881882                    501.3073595 
                   688.8888889                    502.3261732 
                   689.5895896                    503.3416022 
                   690.2902903                    504.3531977 
                   690.9909910                    505.3603251 
                   691.6916917                    506.3629844 
                   692.3923924                    507.3611756 
                   693.0930931                    508.3548987 
                   693.7937938                    509.3441537 
                   694.4944945                    510.3289407 
                   695.1951952                    511.3092595 
                   695.8958959                    512.2851102 
                   696.5965966                    513.2564929 
                   697.2972973                    514.2234074 
                   697.9979980                    515.1858539 
                   698.6986987                    516.1438322 
                   699.3993994                    516.7961373 
                   700.1001001                    517.4451359 
                   700.8008008                    518.0920637 
                   701.5015015                    518.7369207 
                   702.2022022                    519.3797068 
                   702.9029029                    520.0204222 
                   703.6036036                    520.6590666 
                   704.3043043                    521.2956403 
                   705.0050050                    521.9301431 
                   705.7057057                    522.5625751 
                   706.4064064                    523.1929362 
                   707.1071071                    523.8212265 
                   707.8078078                    524.4474460 
                   708.5085085                    525.0715947 
                   709.2092092                    525.6936725 
                   709.9099099                    526.3136795 
                   710.6106106                    526.9318836 
                   711.3113113                    527.5483244 
                   712.0120120                    528.1630018 
                   712.7127127                    528.7759160 
                   713.4134134                    529.3870668 
                   714.1141141                    529.9964542 
                   714.8148148                    530.6040783 
                   715.5155155                    531.2099391 
                   716.2162162                    531.8140366 
                   716.9169169                    532.4150191 
                   717.6176176                    532.9358734 
                   718.3183183                    533.4551984 
                   719.0190190                    533.9729941 
                   719.7197197                    534.4892606 
                   720.4204204                    535.0037111 
                   721.1211211                    535.5161548 
                   721.8218218                    536.0265915 
                   722.5225225                    536.5350212 
                   723.2232232                    537.0414440 
                   723.9239239                    537.5458599 
                   724.6246246                    539.5296518 
                   725.3253253                    542.3938722 
                   726.0260260                    545.2466052 
                   726.7267267                    548.0878509 
                   727.4274274                    550.9176092 
                   728.1281281                    553.7358801 
                   728.8288288                    556.5426636 
                   729.5295295                    559.3379597 
                   730.2302302                    562.1207704 
                   730.9309309                    564.8890561 
                   731.6316316                    567.6428167 
                   732.3323323                    570.3820524 
                   733.0330330                    572.6930693 
                   733.7337337                    574.9619236 
                   734.4344344                    577.2186181 
                   735.1351351                    579.4631529 
                   735.8358358                    581.6955280 
                   736.5365365                    583.9157433 
                   737.2372372                    586.1237989 
                   737.9379379                    588.3196948 
                   738.6386386                    590.5034309 
                   739.3393393                    592.6750073 
                   740.0400400                    594.8345520 
                   740.7407407                    596.9841763 
                   741.4414414                    599.1238803 
                   742.1421421                    600.7260346 
                   742.8428428                    602.2880844 
                   743.5435435                    603.8428242 
                   744.2442442                    605.3902541 
                   744.9449449                    606.9303742 
                   745.6456456                    608.4631842 
                   746.3463463                    609.9886844 
                   747.0470470                    611.5068746 
                   747.7477477                    613.0177549 
                   748.4484484                    614.5213253 
                   749.1491491                    616.0175858 
                   749.8498498                    617.5065364 
                   750.5505506                    618.9877552 
                   751.2512513                    620.4611273 
                   751.9519520                    621.9266526 
                   752.6526527                    623.3843312 
                   753.3533534                    624.8341630 
                   754.0540541                    626.2761481 
                   754.7547548                    627.7102864 
                   755.4554555                    629.0538762 
                   756.1561562                    630.2916132 
                   756.8568569                    631.5225031 
                   757.5575576                    632.7465459 
                   758.2582583                    633.9637416 
                   758.9589590                    635.1740902 
                   759.6596597                    636.3775917 
                   760.3603604                    637.5747806 
                   761.0610611                    638.7661615 
                   761.7617618                    639.9517344 
                   762.4624625                    641.1314994 
                   763.1631632                    642.3054564 
                   763.8638639                    643.4736055 
                   764.5645646                    644.6359466 
                   765.2652653                    645.7924797 
                   765.9659660                    646.9432049 
                   766.6666667                    648.0881222 
                   767.3673674                    649.2272314 
                   768.0680681                    650.3605327 
                   768.7687688                    651.4880261 
                   769.4694695                    652.6097115 
                   770.1701702                    653.7252418 
                   770.8708709                    654.8335351 
                   771.5715716                    655.9345912 
                   772.2722723                    657.0284103 
                   772.9729730                    659.5652813 
                   773.6736737                    662.5096836 
                   774.3743744                    665.4343435 
                   775.0750751                    668.3392609 
                   775.7757758                    671.2244357 
                   776.4764765                    674.0898681 
                   777.1771772                    676.9355581 
                   777.8778779                    679.7615055 
                   778.5785786                    682.5677105 
                   779.2792793                    685.3541730 
                   779.9799800                    688.1208930 
                   780.6806807                    690.8732928 
                   781.3813814                    693.6115319 
                   782.0820821                    696.3356101 
                   782.7827828                    699.4084431 
                   783.4834835                    702.8525115 
                   784.1841842                    706.2784882 
                   784.8848849                    709.6863734 
                   785.5855856                    713.0761669 
                   786.2862863                    716.4478688 
                   786.9869870                    719.8014790 
                   787.6876877                    723.1369977 
                   788.3883884                    726.4544247 
                   789.0890891                    729.7537601 
                   789.7897898                    733.0350038 
                   790.4904905                    736.3021319 
                   791.1911912                    739.5568482 
                   791.8918919                    742.7991528 
                   792.5925926                    746.0290457 
                   793.2932933                    749.2465269 
                   793.9939940                    752.4515964 
                   794.6946947                    755.0594148 
                   795.3953954                    757.2593697 
                   796.0960961                    759.4507387 
                   796.7967968                    761.6335218 
                   797.4974975                    763.8077190 
                   798.1981982                    765.9733303 
                   798.8988989                    768.1303558 
                   799.5995996                    770.2787953 
                   800.3003003                    772.4171965 
                   801.0010010                    774.5436226 
                   801.7017017                    776.6580736 
                   802.4024024                    778.7605496 
                   803.1031031                    780.8510505 
                   803.8038038                    782.9295763 
                   804.5045045                    784.9961270 
                   805.2052052                    787.0400156 
                   805.9059059                    787.0400156 
                   806.6066066                    787.0400156 
                   807.3073073                    787.0400156 
                   808.0080080                    787.0400156 
                   808.7087087                    787.0400156 
                   809.4094094                    787.0400156 
                   810.1101101                    787.0400156 
                   810.8108108                    787.0400156 
                   811.5115115                    787.0400156 
                   812.2122122                    787.0400156 
                   812.9129129                    787.0400156 
                   813.6136136                    787.0400156 
                   814.3143143                    787.0400156 
                   815.0150150                    787.0400156 
                   815.7157157                    787.0400156 
                   816.4164164                    787.4843488 
                   817.1171171                    788.5487509 
                   817.8178178                    789.6097668 
                   818.5185185                    790.6673965 
                   819.2192192                    791.7216400 
                   819.9199199                    792.7724973 
                   820.6206206                    793.8157826 
                   821.3213213                    794.8509557 
                   822.0220220                    795.8780166 
                   822.7227227                    796.8969653 
                   823.4234234                    797.9078019 
                   824.1241241                    798.9105263 
                   824.8248248                    799.9051385 
                   825.5255255                    800.8916385 
                   826.2262262                    801.8700264 
                   826.9269269                    802.8403021 
                   827.6276276                    803.8024656 
                   828.3283283                    804.7565169 
                   829.0290290                    805.8399885 
                   829.7297297                    807.3735850 
                   830.4304304                    808.8963534 
                   831.1311311                    810.4098241 
                   831.8318318                    811.9139971 
                   832.5325325                    813.4088724 
                   833.2332332                    814.8944501 
                   833.9339339                    816.3707300 
                   834.6346346                    818.2054315 
                   835.3353353                    820.5043852 
                   836.0360360                    822.7886753 
                   836.7367367                    825.0583017 
                   837.4374374                    827.3132645 
                   838.1381381                    829.5535637 
                   838.8388388                    831.7791992 
                   839.5395395                    833.9901712 
                   840.2402402                    838.5886283 
                   840.9409409                    844.5013150 
                   841.6416416                    850.3759191 
                   842.3423423                    856.2124406 
                   843.0430430                    862.0108796 
                   843.7437437                    866.3348025 
                   844.4444444                    868.8391453 
                   845.1451451                    871.3268213 
                   845.8458458                    873.7978306 
                   846.5465465                    876.2521730 
                   847.2472472                    878.6898487 
                   847.9479479                    881.1108576 
                   848.6486486                    883.5151997 
                   849.3493493                    885.9028750 
                   850.0500501                    888.2739328 
                   850.7507508                    890.5518436 
                   851.4514515                    891.3796483 
                   852.1521522                    892.2017985 
                   852.8528529                    893.0182942 
                   853.5535536                    893.8291354 
                   854.2542543                    894.6343222 
                   854.9549550                    895.4338544 
                   855.6556557                    896.2277322 
                   856.3563564                    897.0159555 
                   857.0570571                    897.7985243 
                   857.7577578                    898.5754387 
                   858.4584585                    899.3466985 
                   859.1591592                    900.1123039 
                   859.8598599                    900.8722547 
                   860.5605606                    901.6267384 
                   861.2612613                    902.3758016 
                   861.9619620                    903.4907907 
                   862.6626627                    905.0275593 
                   863.3633634                    906.5530440 
                   864.0640641                    908.0672450 
                   864.7647648                    909.5701621 
                   865.4654655                    911.0617954 
                   866.1661662                    912.5421449 
                   866.8668669                    914.0112106 
                   867.5675676                    914.7971320 
                   868.2682683                    915.2442898 
                   868.9689690                    915.6879594 
                   869.6696697                    916.1281409 
                   870.3703704                    916.5649104 
                   871.0710711                    916.9983359 
                   871.7717718                    917.4284175 
                   872.4724725                    917.8551551 
                   873.1731732                    918.2785487 
                   873.8738739                    918.6985983 
                   874.5745746                    919.1153040 
                   875.2752753                    919.5286657 
                   875.9759760                    919.9386835 
                   876.6766767                    921.9982426 
                   877.3773774                    924.8258363 
                   878.0780781                    927.6299866 
                   878.7787788                    930.4106937 
                   879.4794795                    933.1679574 
                   880.1801802                    935.9020271 
                   880.8808809                    938.6136232 
                   881.5815816                    941.3027457 
                   882.2822823                    944.3752501 
                   882.9829830                    947.4758747 
                   883.6836837                    950.5501461 
                   884.3843844                    953.5980644 
                   885.0850851                    956.6196296 
                   885.7857858                    959.6148417 
                   886.4864865                    962.5837006 
                   887.1871872                    965.5262065 
                   887.8878879                    968.4423592 
                   888.5885886                    971.2573124 
                   889.2892893                    974.0266468 
                   889.9899900                    976.7704941 
                   890.6906907                    979.4898943 
                   891.3913914                    982.1848625 
                   892.0920921                    984.8553986 
                   892.7927928                    987.5015026 
                   893.4934935                    990.1231746 
                   894.1941942                    992.7204145 
                   894.8948949                    995.2932224 
                   895.5955956                    997.0242861 
                   896.2962963                    997.5005745 
                   896.9969970                    997.9722524 
                   897.6976977                    998.4393198 
                   898.3983984                    998.9017766 
                   899.0990991                    999.3596229 
                   899.7997998                    999.8128587 
                   900.5005005                   1000.2616201 
                   901.2012012                   1000.7059616 
                   901.9019019                   1001.1458832 
                   902.6026026                   1001.5813848 
                   903.3033033                   1002.0124666 
                   904.0040040                   1002.5607975 
                   904.7047047                   1003.1541933 
                   905.4054054                   1003.7413777 
                   906.1061061                   1004.3223505 
                   906.8068068                   1004.8971118 
                   907.5075075                   1005.4656616 
                   908.2082082                   1006.0280000 
                   908.9089089                   1006.5841268 
                   909.6096096                   1007.1340421 
                   910.3103103                   1007.6778597 
                   911.0110110                   1008.2157227 
                   911.7117117                   1008.7476311 
                   912.4124124                   1009.2735849 
                   913.1131131                   1009.7935841 
                   913.8138138                   1010.3076287 
                   914.5145145                   1010.8157187 
                   915.2152152                   1011.3178541 
                   915.9159159                   1011.8140349 
                   916.6166166                   1012.3042611 
                   917.3173173                   1012.7885327 
                   918.0180180                   1013.2668497 
                   918.7187187                   1013.7392121 
                   919.4194194                   1014.2056199 
                   920.1201201                   1014.6661154 
                   920.8208208                   1015.1209027 
                   921.5215215                   1015.5699819 
                   922.2222222                   1015.6933647 
                   922.9229229                   1015.6933647 
                   923.6236236                   1015.6933647 
                   924.3243243                   1015.6933647 
                   925.0250250                   1015.6933647 
                   925.7257257                   1015.6933647 
                   926.4264264                   1015.6933647 
                   927.1271271                   1015.6933647 
                   927.8278278                   1015.6933647 
                   928.5285285                   1015.6933647 
                   929.2292292                   1015.6933647 
                   929.9299299                   1015.6933647 
                   930.6306306                   1015.6933647 
                   931.3313313                   1016.9130432 
                   932.0320320                   1018.5572543 
                   932.7327327                   1020.1767572 
                   933.4334334                   1021.7715517 
                   934.1341341                   1023.3416378 
                   934.8348348                   1024.8870156 
                   935.5355355                   1026.4076851 
                   936.2362362                   1027.9036463 
                   936.9369369                   1029.3748991 
                   937.6376376                   1030.8214436 
                   938.3383383                   1032.2434426 
                   939.0390390                   1033.6410437 
                   939.7397397                   1035.0139281 
                   940.4404404                   1036.3627383 
                   941.1411411                   1037.6878542 
                   941.8418418                   1038.9892756 
                   942.5425425                   1040.2670027 
                   943.2432432                   1041.5210353 
                   943.9439439                   1042.7513736 
                   944.6446446                   1043.9826152 
                   945.3453453                   1045.2642043 
                   946.0460460                   1046.5201232 
                   946.7467467                   1047.7503720 
                   947.4474474                   1048.9549506 
                   948.1481481                   1050.1338590 
                   948.8488488                   1051.2870974 
                   949.5495495                   1052.4146655 
                   950.2502503                   1053.5169429 
                   950.9509510                   1054.5845997 
                   951.6516517                   1055.5728014 
                   952.3523524                   1056.5379105 
                   953.0530531                   1057.4799272 
                   953.7537538                   1058.3988514 
                   954.4544545                   1059.2946831 
                   955.1551552                   1060.1674222 
                   955.8558559                   1061.0170689 
                   956.5565566                   1061.6104159 
                   957.2572573                   1061.7776514 
                   957.9579580                   1061.9400803 
                   958.6586587                   1062.0977026 
                   959.3593594                   1062.2505185 
                   960.0600601                   1062.3985447 
                   960.7607608                   1062.5419633 
                   961.4614615                   1062.6807741 
                   962.1621622                   1062.8149772 
                   962.8628629                   1062.9445726 
                   963.5635636                   1063.0695602 
                   964.2642643                   1063.1899402 
                   964.9649650                   1063.3057123 
                   965.6656657                   1063.5172091 
                   966.3663664                   1063.8869598 
                   967.0670671                   1064.2407217 
                   967.7677678                   1064.5784948 
                   968.4684685                   1064.9002791 
                   969.1691692                   1065.2060747 
                   969.8698699                   1065.4958815 
                   970.5705706                   1065.7702381 
                   971.2712713                   1066.0292672 
                   971.9719720                   1066.2729689 
                   972.6726727                   1066.5013432 
                   973.3733734                   1066.7143900 
                   974.0740741                   1066.8989328 
                   974.7747748                   1067.0632798 
                   975.4754755                   1067.2138158 
                   976.1761762                   1067.3505408 
                   976.8768769                   1067.4734547 
                   977.5775776                   1067.5825577 
                   978.2782783                   1067.6778496 
                   978.9789790                   1067.7593306 
                   979.6796797                   1067.8270005 
                   980.3803804                   1067.8895827 
                   981.0810811                   1067.9499965 
                   981.7817818                   1068.0056640 
                   982.4824825                   1068.0565852 
                   983.1831832                   1068.1027600 
                   983.8838839                   1068.1441886 
                   984.5845846                   1068.1808708 
                   985.2852853                   1068.2128067 
                   985.9859860                   1068.2399963 
                   986.6866867                   1068.2624396 
                   987.3873874                   1068.2801366 
                   988.0880881                   1068.2930873 
                   988.7887888                   1068.3012916 
                   989.4894895                   1068.3070389 
                   990.1901902                   1068.3070389 
                   990.8908909                   1068.3070389 
                   991.5915916                   1068.3070389 
                   992.2922923                   1068.3070389 
                   992.9929930                   1068.3070389 
                   993.6936937                   1068.3070389 
                   994.3943944                   1068.3070389 
                   995.0950951                   1068.3070389 
                   995.7957958                   1068.3070389 
                   996.4964965                   1068.3070389 
                   997.1971972                   1068.3070389 
                   997.8978979                   1068.3070389 
                   998.5985986                   1068.3070389 
                   999.2992993                   1068.3070389 
                  1000.0000000                   1068.3070389 
